0.312243	0.58034	0	0	0.312243	0.58034	0.6	0.6	5.19994	0
1.06634	0.568305	10.7445	-0.224829	0.862916	0.534212	0.859997	0.600045	5.19975	0.00179686
1.21042	0.527008	4.89626	2.90587	1.17385	0.481073	1.11998	0.600225	5.19943	0.00538996
1.26147	0.975645	2.37362	4.68911	0.969149	0.397513	1.37996	0.600629	5.19898	0.0107781
1.43692	1.13737	2.76061	4.18529	1.65063	0.62469	1.6399	0.601347	5.19839	0.0179597
1.76003	1.23911	3.69992	3.47413	1.62331	0.499091	1.89982	0.60247	5.19766	0.0269323
1.98937	1.3139	3.9641	3.05919	2.18882	0.648739	2.1597	0.604086	5.19678	0.0376932
2.23437	1.38804	4.19147	2.74161	1.96701	0.557117	2.41954	0.606284	5.19573	0.0502389
2.48908	1.4015	4.41906	2.27021	2.65526	0.66598	2.67932	0.609155	5.1945	0.0645654
2.80068	1.41122	4.77858	1.86219	2.92034	0.645898	2.93904	0.612786	5.19309	0.080668
3.04368	1.36478	4.89417	1.39614	3.01222	0.637046	3.19869	0.617267	5.19147	0.0985415
3.38179	1.28027	5.2132	0.808164	3.56096	0.485311	3.45825	0.622685	5.18963	0.11818
3.70817	1.13085	5.45393	0.117443	3.89365	0.311793	3.71772	0.62913	5.18754	0.139576
4.01114	1.09269	5.58152	-0.0359675	4.19786	0.698311	3.97708	0.636689	5.18519	0.162724
4.30432	0.983152	5.64449	-0.406514	4.30935	0.578564	4.23632	0.645449	5.18256	0.187614
4.57338	0.938485	5.50304	-0.50815	4.61908	0.68951	4.49542	0.655498	5.17962	0.214238
4.7624	0.919873	5.34836	-0.447021	4.35143	0.899174	4.75437	0.666921	5.17634	0.242587
5.02483	0.850053	5.20292	-0.625533	5.20901	0.66599	5.01315	0.679804	5.1727	0.272649
5.3278	0.770603	5.28504	-0.794944	5.51894	0.648233	5.27175	0.694234	5.16867	0.304413
5.59531	0.709252	5.40911	-0.850429	5.22834	0.639362	5.53013	0.710295	5.16422	0.337868
5.8911	0.675825	5.4535	-0.82832	6.022	0.708619	5.78828	0.728072	5.15932	0.372999
6.13261	0.56981	5.22559	-1.03902	5.89392	0.373584	6.04618	0.747647	5.15393	0.409793
6.37988	0.644443	5.19648	-0.64801	6.34249	0.948833	6.30379	0.769103	5.14803	0.448233
6.63301	0.622183	5.14246	-0.619332	6.62134	0.836138	6.5611	0.792523	5.14157	0.488305
6.87113	0.629945	5.10716	-0.499721	6.78214	0.714036	6.81808	0.817988	5.13452	0.52999
7.11405	0.567077	4.92918	-0.623537	7.29121	0.630741	7.07469	0.845578	5.12685	0.573269
7.3198	0.671561	4.85068	-0.216213	7.13735	0.957217	7.3309	0.875373	5.11851	0.618123
7.62357	0.625139	5.20408	-0.310664	8.08349	0.819605	7.58668	0.907449	5.10946	0.664531
7.86983	0.646101	5.1768	-0.202169	7.80533	0.719126	7.84199	0.941886	5.09966	0.712469
8.12022	0.616324	5.00497	-0.270285	8.40453	0.884557	8.0968	0.978759	5.08907	0.761915
8.3479	0.683482	4.95966	-0.0344892	8.24796	0.840322	8.35106	1.01814	5.07766	0.812843
8.62728	0.716157	5.26149	0.0805901	8.45858	1.41118	8.60472	1.06011	5.06537	0.865226
8.86299	0.833888	5.20488	0.408975	8.74615	1.04858	8.85775	1.10473	5.05216	0.919037
9.16065	0.806379	5.27074	0.265733	9.8809	1.1419	9.1101	1.15208	5.03798	0.974245
9.39353	0.901756	5.20792	0.50213	9.25579	1.04913	9.36172	1.20223	5.0228	1.03082
9.68195	0.901925	5.2826	0.429466	10.1016	1.52474	9.61255	1.25524	5.00656	1.08873
9.95409	1.10605	5.27916	0.941531	10.0484	1.44598	9.86254	1.31118	4.98922	1.14794
10.2096	1.0959	5.05528	0.754897	10.5377	1.72555	10.1117	1.37011	4.97074	1.20841
10.4212	1.25421	4.96555	1.09636	10.2492	1.45907	10.3598	1.4321	4.95106	1.2701
10.6657	1.20295	4.77849	0.773496	10.9084	1.70343	10.6069	1.49721	4.93014	1.33298
10.8714	1.32184	4.70688	1.00005	10.7313	1.45265	10.853	1.56549	4.90794	1.39701
11.1603	1.22108	4.95328	0.587837	11.4783	1.42876	11.0979	1.637	4.8844	1.46213
11.4282	1.37871	4.97268	0.938333	11.587	1.61462	11.3416	1.71179	4.85948	1.52832
11.6764	1.28597	4.92548	0.541251	11.4763	1.53917	11.584	1.78992	4.83313	1.59551
11.8877	1.47603	4.84086	0.992749	11.7788	1.74591	11.8251	1.87144	4.80531	1.66366
12.1685	1.40959	5.05986	0.683216	12.136	2.14937	12.0647	1.95639	4.77598	1.73273
12.3959	1.57237	4.99694	1.03784	12.3226	1.78353	12.3029	2.04482	4.74508	1.80265
12.6754	1.47099	5.16095	0.62211	12.5457	1.77728	12.5394	2.13677	4.71257	1.87338
12.8584	1.76284	4.99061	1.34109	12.5924	2.17509	12.7743	2.23227	4.67842	1.94485
13.154	1.70244	5.21135	1.00133	13.2198	2.6644	13.0075	2.33137	4.64258	2.01701
13.3409	2.00784	5.04068	1.70301	13.0875	2.40708	13.2388	2.43409	4.605	2.08981
13.5456	1.95054	4.71333	1.27581	12.7087	3.12439	13.4682	2.54047	4.56565	2.16317
13.7704	2.24242	4.65637	1.89344	13.836	2.62479	13.6955	2.65053	4.52448	2.23703
14.0302	2.11357	4.71378	1.27303	13.8302	2.73893	13.9208	2.7643	4.48147	2.31134
14.2293	2.46788	4.59462	2.06015	14.2106	2.94205	14.1439	2.88179	4.43656	2.38601
14.5285	2.32519	4.90344	1.40538	14.5568	2.87021	14.3646	3.00303	4.38974	2.46099
14.7014	2.60111	4.73146	1.96744	14.4616	2.90734	14.583	3.12802	4.34097	2.5362
14.9834	2.50342	4.91266	1.43875	14.6754	3.96041	14.7989	3.25679	4.29021	2.61157
15.1568	2.93676	4.71139	2.41649	15.0261	3.5067	15.0122	3.38932	4.23744	2.68703
15.4252	2.81677	4.66117	1.72527	15.3685	4.14761	15.2228	3.52563	4.18263	2.76249
15.5949	3.26045	4.47048	2.68782	15.5236	3.82936	15.4306	3.66572	4.12575	2.83789
15.8751	3.07125	4.60025	1.7942	15.7234	3.4105	15.6355	3.80957	4.06678	2.91315
16.0437	3.48562	4.41378	2.66621	15.9774	4.00094	15.8375	3.95719	4.00571	2.98817
16.317	3.30199	4.40793	1.76287	16.3376	4.21632	16.0363	4.10854	3.94251	3.0629
16.4492	3.80066	4.15019	2.86488	16.3313	4.44499	16.2319	4.26363	3.87716	3.13723
16.7503	3.59859	4.42145	1.9246	16.7586	4.48231	16.4242	4.42242	3.80966	3.21109
16.8558	4.08524	4.11271	2.97549	16.6039	4.67344	16.613	4.5849	3.74	3.28438
17.1097	3.87466	4.00071	1.92913	16.9236	5.10119	16.7983	4.75103	3.66817	3.35704
17.1858	4.45819	3.64838	3.23372	16.9955	5.21099	16.9799	4.92077	3.59416	3.42897
17.4749	4.19067	3.9269	2.05858	17.3421	4.64623	17.1579	5.09409	3.51797	3.50008
17.5365	4.7474	3.55466	3.27401	17.2894	5.43542	17.3319	5.27094	3.4396	3.57028
17.8219	4.46137	3.80447	2.03446	17.6463	4.74597	17.5019	5.45128	3.35907	3.63949
17.9061	4.97724	3.49232	3.13815	17.7853	5.62476	17.6679	5.63506	3.27637	3.70762
18.1869	4.7163	3.68388	1.97051	17.9216	6.07151	17.8297	5.82221	3.19151	3.77458
18.2406	5.34054	3.29452	3.36924	18.1263	6.16985	17.9872	6.01269	3.10453	3.84027
18.5363	5.09018	3.65363	2.23011	18.1245	6.79027	18.1402	6.20641	3.01542	3.90462
18.531	5.78316	3.13412	3.7823	18.2164	6.66138	18.2888	6.40332	2.92421	3.96753
18.819	5.52694	3.43403	2.5512	18.4022	7.02231	18.4328	6.60333	2.83093	4.0289
18.8316	6.09902	2.99809	3.73709	18.5422	6.76013	18.572	6.80638	2.7356	4.08867
19.1441	5.83812	3.49074	2.53772	18.8089	7.24388	18.7064	7.01237	2.63825	4.14672
19.1983	6.43147	3.1169	3.76944	19.1441	7.18344	18.8359	7.22122	2.53893	4.20299
19.4538	6.16095	3.23186	2.46443	18.5479	7.4012	18.9604	7.43283	2.43767	4.25737
19.3844	6.91749	2.5927	4.14936	19.0138	7.8688	19.0798	7.64712	2.3345	4.3098
19.6877	6.64174	3.07592	2.84138	19.3089	7.67375	19.1939	7.86397	2.22949	4.36017
19.6023	7.33532	2.4344	4.3122	19.132	8.12845	19.3028	8.08329	2.12266	4.40842
19.8903	7.06709	2.93143	3.01606	19.0239	8.17194	19.4062	8.30497	2.01409	4.45445
19.8159	7.67331	2.34863	4.23286	19.347	8.30741	19.5042	8.5289	1.90381	4.49819
20.1078	7.39178	2.74912	2.86385	19.6843	8.35902	19.5966	8.75494	1.7919	4.53956
20.0851	8.04979	2.25859	4.21464	20.0039	8.8906	19.6835	8.983	1.67841	4.57848
20.3649	7.78878	2.60274	2.88799	19.6061	9.48659	19.7645	9.21294	1.56341	4.61488
20.2976	8.51641	2.01236	4.41964	20.1574	9.45949	19.8398	9.44463	1.44697	4.64869
20.5593	8.25076	2.30657	3.03439	19.6163	9.76606	19.9093	9.67795	1.32916	4.67984
20.4384	8.99177	1.63032	4.5866	20.1573	9.90876	19.9728	9.91275	1.21005	4.70826
20.7166	8.7793	2.20409	3.40828	19.1911	11.5493	20.0303	10.1489	1.08972	4.73389
20.5546	9.55388	1.44143	5.00169	20.166	10.4687	20.0818	10.3863	0.968259	4.75666
20.8035	9.31034	1.77935	3.59119	19.6775	10.803	20.1271	10.6247	0.845742	4.77652
20.6418	10.0784	1.05116	5.13153	20.371	11.0109	20.1663	10.864	0.722256	4.7934
20.9047	9.88023	1.60359	3.89008	19.4335	12.3402	20.1993	11.1041	0.597892	4.80727
20.7205	10.5866	0.868008	5.23704	20.3164	11.3483	20.2261	11.3449	0.472738	4.81807
20.9254	10.3528	1.05561	3.75311	19.2063	12.2418	20.2466	11.5861	0.346889	4.82575
20.7601	11.0635	0.398922	5.10874	20.6141	11.9422	20.2608	11.8275	0.220439	4.83027
21.0359	10.8479	1.21635	3.90421	19.966	11.9688	20.2687	12.0692	0.093487	4.83159
20.7795	11.6214	0.329759	5.42059	20.3263	12.4966	20.2701	12.3108	-0.0338694	4.82968
21.0028	11.3923	0.66123	3.92538	20.0192	12.4823	20.2652	12.5522	-0.161529	4.82451
20.7792	12.0876	-0.0786071	5.22267	20.498	12.8924	20.254	12.7933	-0.28939	4.81605
21.046	11.8587	0.571039	3.84387	20.9151	12.2555	20.2363	13.0339	-0.417348	4.80428
20.7551	12.5205	-0.290171	5.08457	20.1943	13.1688	20.2122	13.2738	-0.545298	4.78918
20.9954	12.3131	0.376677	3.81928	19.858	13.5236	20.1818	13.5129	-0.673135	4.77072
20.704	13.0395	-0.501047	5.21241	20.3245	13.8896	20.1449	13.7509	-0.800753	4.74892
20.9381	12.8251	0.0691557	3.83706	20.3387	13.5307	20.1017	13.9878	-0.928043	4.72374
20.6026	13.5412	-0.871157	5.20604	20.1216	14.337	20.0521	14.2233	-1.0549	4.69521
20.8204	13.3458	-0.227948	3.92625	19.6717	14.4038	19.9962	14.4573	-1.18121	4.66331
20.4245	14.0567	-1.26794	5.28031	19.781	14.773	19.934	14.6897	-1.30687	4.62805
20.6516	13.8586	-0.498008	4.01688	20.1149	14.0165	19.8655	14.9202	-1.43177	4.58944
20.3478	14.4945	-1.29017	5.13933	20.0208	15.2053	19.7908	15.1486	-1.55581	4.54751
20.5351	14.28	-0.973271	3.58398	20.0157	15.3443	19.7099	15.3749	-1.67887	4.50226
20.2173	14.8705	-1.73859	4.64299	19.9131	15.554	19.6229	15.5989	-1.80085	4.45372
20.4374	14.667	-0.929388	3.44764	19.9388	15.0864	19.5298	15.8203	-1.92164	4.40193
20.0231	15.3109	-1.93632	4.67829	19.4748	16.0098	19.4307	16.039	-2.04114	4.3469
20.2271	15.133	-1.10827	3.57532	19.1556	16.0022	19.3257	16.2549	-2.15925	4.28868
19.8192	15.7168	-2.05741	4.64011	19.238	16.2719	19.2148	16.4679	-2.27586	4.22731
20.0163	15.5306	-1.36089	3.41135	19.4007	16.2962	19.0981	16.6777	-2.39087	4.16284
19.5669	16.1583	-2.40405	4.60135	19.0029	16.8387	18.9757	16.8841	-2.50418	4.0953
19.7342	15.977	-1.90655	3.24139	18.8373	17.7112	18.8477	17.0872	-2.61571	4.02476
19.2188	16.633	-3.06041	4.52176	18.6148	17.3832	18.7142	17.2866	-2.72534	3.95127
19.4183	16.4913	-1.97725	3.65031	18.8177	17.0316	18.5752	17.4822	-2.83299	3.87489
18.885	17.0778	-3.12977	4.72011	18.1023	17.5529	18.4309	17.674	-2.93858	3.79568
19.0544	16.9339	-2.25628	3.68446	18.2749	17.4877	18.2814	17.8617	-3.042	3.71372
18.6279	17.4733	-3.12801	4.59368	18.2094	18.0461	18.1268	18.0453	-3.14318	3.62906
18.7753	17.2947	-2.4958	3.29519	18.3021	17.498	17.9671	18.2246	-3.24204	3.5418
18.3488	17.7643	-3.32073	4.08282	17.9018	18.2183	17.8026	18.3994	-3.3385	3.45199
18.5427	17.6186	-2.41951	3.06517	18.8558	18.1364	17.6334	18.5697	-3.43247	3.35973
18.0134	18.1566	-3.52519	4.06531	17.3845	18.7039	17.4595	18.7353	-3.5239	3.26509
18.1605	17.9837	-2.76979	2.91699	17.7945	18.0801	17.281	18.8962	-3.61271	3.16817
17.6858	18.4388	-3.68185	3.71822	17.1762	18.8863	17.0983	19.0521	-3.69883	3.06904
17.8394	18.3121	-2.83506	2.80171	16.9398	19.7311	16.9113	19.203	-3.78221	2.9678
17.2951	18.7491	-3.89504	3.59447	16.5734	19.052	16.7201	19.3488	-3.86278	2.86455
17.4254	18.6178	-3.12961	2.62301	16.1674	20.2201	16.5251	19.4894	-3.9405	2.75938
16.8563	19.103	-4.24778	3.53844	16.2338	19.6171	16.3262	19.6246	-4.01531	2.65237
16.9637	18.9039	-3.47985	2.39598	16.4366	18.2742	16.1237	19.7545	-4.08716	2.54364
16.4267	19.3468	-4.47633	3.21821	15.9243	19.8703	15.9176	19.8789	-4.15602	2.43329
16.561	19.2021	-3.47765	2.43028	16.2328	19.2166	15.7082	19.9978	-4.22185	2.32141
15.992	19.6556	-4.55838	3.27559	15.4332	20.1836	15.4956	20.111	-4.28461	2.2081
16.0904	19.552	-3.75831	2.44559	14.3677	21.3406	15.2799	20.2185	-4.34427	2.09347
15.5941	19.9473	-4.61345	3.12881	15.2016	20.4385	15.0613	20.3203	-4.4008	1.97763
15.6833	19.7882	-3.84588	2.13561	14.7476	19.9571	14.84	20.4162	-4.4542	1.86068
15.1469	20.1653	-4.78756	2.81921	14.6665	20.6088	14.6161	20.5063	-4.50443	1.74272
15.2264	20.0245	-4.03807	1.89272	13.841	21.0031	14.3897	20.5904	-4.55149	1.62386
14.6575	20.3438	-5.01578	2.48215	14.0521	20.5924	14.1611	20.6686	-4.59537	1.50421
14.741	20.1936	-4.20465	1.5989	13.8232	20.859	13.9304	20.7408	-4.63606	1.38386
14.1334	20.4993	-5.25998	2.19461	13.4686	20.7253	13.6977	20.807	-4.67357	1.26294
14.2118	20.3155	-4.4641	1.19594	13.8263	20.4261	13.4632	20.8671	-4.70789	1.14153
13.6469	20.5775	-5.37994	1.71891	13.1072	20.8294	13.2271	20.9211	-4.73904	1.01975
13.7383	20.4297	-4.45451	1.00883	13.2669	21.1579	12.9895	20.969	-4.76702	0.897694
13.2377	20.6813	-5.21942	1.50574	12.8729	21.0592	12.7506	21.0108	-4.79186	0.775469
13.2962	20.53	-4.42879	0.767659	11.5171	21.6724	12.5106	21.0465	-4.81358	0.653175
12.7231	20.7817	-5.38004	1.30848	12.2062	21.11	12.2695	21.0761	-4.83219	0.530912
12.8043	20.6128	-4.51626	0.526106	12.3859	21.1066	12.0276	21.0996	-4.84773	0.408778
12.2477	20.7818	-5.3879	0.911669	11.6814	20.8651	11.785	21.117	-4.86022	0.286869
12.3156	20.5887	-4.52727	0.165432	11.5265	20.6748	11.5418	21.1283	-4.86971	0.165281
11.7901	20.7727	-5.33958	0.604932	11.363	21.0688	11.2982	21.1335	-4.87623	0.0441057
11.8431	20.5645	-4.52085	-0.138483	10.5558	20.5567	11.0544	21.1327	-4.87982	-0.076565
11.3266	20.7083	-5.30269	0.244907	10.8903	20.927	10.8105	21.1259	-4.88053	-0.196643
11.3774	20.5471	-4.4333	-0.197342	9.30535	21.3896	10.5666	21.1131	-4.8784	-0.31604
10.7501	20.7719	-5.53838	0.382067	10.189	21.209	10.3229	21.0943	-4.87349	-0.434674
10.8142	20.5999	-4.68254	-0.27653	9.97958	21.2932	10.0795	21.0697	-4.86585	-0.552463
10.3355	20.722	-5.34943	0.0554498	9.99634	20.9797	9.83658	21.0391	-4.85554	-0.669327
10.4048	20.5649	-4.4325	-0.364784	9.38223	21.111	9.59422	21.0028	-4.84262	-0.785189
9.92206	20.6722	-5.13792	-0.0519449	9.53921	20.8762	9.35258	20.9607	-4.82714	-0.899977
10.0044	20.4894	-4.29485	-0.711447	9.63392	20.9724	9.11177	20.9128	-4.80919	-1.01362
9.36428	20.6238	-5.43225	-0.273452	8.70331	20.8221	8.87192	20.8594	-4.78881	-1.12605
9.45382	20.4112	-4.50271	-0.935196	9.84634	20.009	8.63315	20.8003	-4.76608	-1.2372
8.85176	20.4737	-5.49807	-0.634873	8.22277	20.4839	8.39557	20.7358	-4.74108	-1.34701
8.91463	20.2723	-4.62682	-1.20923	8.29647	20.4978	8.1593	20.6657	-4.71387	-1.45542
8.3708	20.3232	-5.46322	-0.92512	7.88599	20.45	7.92445	20.5903	-4.68453	-1.56237
8.44815	20.1226	-4.58176	-1.52517	8.29081	20.6565	7.69111	20.5096	-4.65313	-1.66781
7.8074	20.1938	-5.68696	-1.15539	7.18029	20.392	7.45939	20.4237	-4.61975	-1.7717
7.85934	19.9921	-4.78613	-1.5801	7.09214	20.1196	7.22939	20.3326	-4.58448	-1.87399
7.2996	20.0242	-5.64822	-1.30633	6.81542	20.1859	7.00119	20.2364	-4.54738	-1.97462
7.36068	19.8336	-4.73305	-1.69564	6.89359	20.1536	6.7749	20.1352	-4.50854	-2.07357
6.82931	19.8495	-5.52781	-1.45224	6.38914	20.0137	6.55059	20.0292	-4.46805	-2.17079
6.89899	19.6638	-4.62333	-1.86766	6.67637	20.2142	6.32834	19.9183	-4.42598	-2.26625
6.34557	19.6714	-5.49131	-1.62346	5.86119	19.8306	6.10823	19.8027	-4.38241	-2.35993
6.38031	19.4451	-4.69754	-2.18982	5.28178	19.5036	5.89034	19.6824	-4.33744	-2.45178
5.95759	19.407	-5.20881	-2.02707	5.69089	19.5755	5.67472	19.5577	-4.29114	-2.5418
6.03379	19.1794	-4.31379	-2.44669	5.9506	18.9859	5.46145	19.4284	-4.24359	-2.62995
5.54802	19.1631	-5.05089	-2.20837	5.17021	19.4397	5.25059	19.2948	-4.19488	-2.71622
5.64184	18.9769	-4.11165	-2.41153	5.87397	19.301	5.04219	19.157	-4.1451	-2.80059
5.22042	18.9088	-4.69134	-2.28372	4.89149	18.982	4.8363	19.015	-4.09432	-2.88305
5.26536	18.6923	-3.97044	-2.72553	3.98679	19.0452	4.63297	18.8689	-4.04263	-2.96359
4.82209	18.636	-4.63485	-2.54345	4.4685	18.834	4.43224	18.7188	-3.99012	-3.0422
4.90634	18.4313	-3.77328	-2.74242	4.69245	18.4634	4.23416	18.5648	-3.93685	-3.11888
4.53301	18.3491	-4.27365	-2.61751	4.26269	18.481	4.03876	18.4071	-3.88293	-3.19362
4.58661	18.1193	-3.61763	-3.21425	3.42434	18.8357	3.84606	18.2457	-3.82841	-3.26644
4.03048	18.0392	-4.62662	-3.01977	3.45919	18.167	3.65611	18.0807	-3.77339	-3.33732
4.12723	17.8381	-3.72043	-3.07684	4.3011	17.9267	3.46891	17.9122	-3.71795	-3.40627
3.62278	17.7308	-4.5732	-2.96032	3.12525	17.7493	3.28449	17.7402	-3.66215	-3.47331
3.6701	17.503	-3.85426	-3.37177	2.65664	17.888	3.10287	17.565	-3.60609	-3.53844
3.25214	17.436	-4.47603	-3.16805	2.9449	17.8154	2.92405	17.3866	-3.54982	-3.60167
3.33578	17.1813	-3.66563	-3.62444	3.26647	17.0897	2.74805	17.2051	-3.49344	-3.66302
2.91714	17.0352	-4.2993	-3.54576	2.55407	17.0853	2.57486	17.0205	-3.437	-3.72251
2.98776	16.8365	-3.50145	-3.45758	2.55039	16.8884	2.4045	16.833	-3.38059	-3.78014
2.59013	16.709	-4.10435	-3.36322	2.25371	16.8334	2.23695	16.6427	-3.32428	-3.83595
2.62955	16.4825	-3.4289	-3.47909	1.57735	16.0489	2.07221	16.4497	-3.26812	-3.88995
2.24262	16.2907	-4.00054	-3.50297	1.88972	16.1054	1.91027	16.254	-3.21219	-3.94216
2.30569	16.0892	-3.28144	-3.56372	1.74362	16.2687	1.75112	16.0557	-3.15656	-3.99261
1.86765	15.9558	-4.0235	-3.47525	1.44745	16.0853	1.59474	15.8549	-3.10129	-4.04132
1.93893	15.7029	-3.29355	-3.91082	1.6097	15.5526	1.44111	15.6517	-3.04644	-4.08832
1.54641	15.5058	-3.90476	-3.91279	1.18395	15.4284	1.29021	15.4463	-2.99207	-4.13364
1.59064	15.2977	-3.25004	-3.94213	0.828993	15.528	1.14201	15.2386	-2.93825	-4.1773
1.15582	15.0959	-3.9819	-3.95415	0.722706	15.0075	0.996486	15.0288	-2.88503	-4.21933
1.22165	14.9062	-3.25568	-3.86715	1.03147	15.2134	0.853604	14.8169	-2.83246	-4.25977
0.934465	14.7146	-3.59147	-3.86886	0.737301	14.7047	0.71333	14.603	-2.78061	-4.29864
0.99962	14.4646	-2.92227	-4.19781	0.722177	14.2445	0.575628	14.3872	-2.72952	-4.33598
0.622004	14.2497	-3.54729	-4.21779	0.253435	14.2029	0.440459	14.1696	-2.67925	-4.37181
0.658612	13.9923	-2.95863	-4.5522	-0.0328023	13.9604	0.307779	13.9502	-2.62984	-4.40617
0.490956	13.752	-3.01052	-4.57637	0.459172	13.6856	0.177545	13.7292	-2.58135	-4.43909
0.537688	13.5075	-2.46807	-4.72034	0.0524412	13.6377	0.0497099	13.5065	-2.53381	-4.47061
0.182523	13.2729	-3.09722	-4.73241	-0.190344	13.2856	-0.0757753	13.2823	-2.48728	-4.50075
0.215558	13.0591	-2.58329	-4.56253	-0.275043	13.1456	-0.198962	13.0566	-2.44179	-4.52955
0.0716034	12.8468	-2.62507	-4.53536	0.0462308	12.9301	-0.319903	12.8295	-2.39739	-4.55704
0.0760733	12.624	-2.25195	-4.43295	-0.684792	12.3563	-0.438654	12.6011	-2.35412	-4.58326
-0.203671	12.3927	-2.70677	-4.46505	-0.476482	12.3633	-0.555273	12.3714	-2.31202	-4.60823
-0.204858	12.1884	-2.3364	-4.43588	-0.972122	12.5207	-0.669818	12.1404	-2.27111	-4.63198
-0.419148	11.9753	-2.60328	-4.43118	-0.582624	12.0386	-0.78235	11.9083	-2.23144	-4.65456
-0.441447	11.7496	-2.301	-4.47962	-1.26757	11.6495	-0.892931	11.6751	-2.19304	-4.67598
-0.788603	11.4957	-2.93478	-4.56507	-1.17212	11.3988	-1.00163	11.4409	-2.15594	-4.69628
-0.766942	11.2815	-2.47784	-4.4182	-0.891441	10.959	-1.1085	11.2057	-2.12017	-4.71549
-1.07682	11.0469	-2.9869	-4.47758	-1.39289	11.0424	-1.21362	10.9695	-2.08575	-4.73364
-1.06052	10.8105	-2.49571	-4.70594	-1.29894	10.9012	-1.31706	10.7324	-2.05273	-4.75075
-1.30337	10.5409	-2.81963	-4.79546	-1.49687	10.4198	-1.41889	10.4945	-2.02111	-4.76686
-1.32092	10.2871	-2.45509	-4.93132	-1.59293	10.0212	-1.51917	10.2559	-1.99093	-4.78198
-1.50002	10.0674	-2.60869	-4.89692	-1.61875	10.2374	-1.61797	10.0165	-1.96221	-4.79615
-1.52574	9.85099	-2.32145	-4.78921	-1.59702	9.96554	-1.71539	9.77637	-1.93498	-4.80939
-1.67043	9.62515	-2.39937	-4.77248	-1.73381	9.71347	-1.81147	9.53564	-1.90924	-4.82172
-1.76792	9.37208	-2.30564	-4.94435	-2.27191	9.37316	-1.90631	9.29431	-1.88502	-4.83316
-1.91784	9.06183	-2.4051	-5.07135	-1.93833	8.77028	-1.99998	9.05243	-1.86233	-4.84374
-1.98558	8.84545	-2.27425	-4.91237	-1.96565	9.13274	-2.09256	8.81003	-1.8412	-4.85347
-2.12855	8.58585	-2.35595	-4.94894	-2.1768	8.5411	-2.18412	8.56717	-1.82164	-4.86238
-2.28461	8.31789	-2.44772	-5.05907	-2.65862	8.19477	-2.27474	8.32388	-1.80365	-4.87047
-2.33976	8.09071	-2.26005	-4.98317	-2.21875	8.15339	-2.3645	8.0802	-1.78726	-4.87778
-2.43334	7.86906	-2.18837	-4.96273	-2.273	8.52315	-2.45348	7.83617	-1.77248	-4.8843
-2.56121	7.61451	-2.23987	-4.98342	-2.59674	7.60288	-2.54177	7.59184	-1.75931	-4.89006
-2.80004	7.34128	-2.62941	-4.99962	-3.08256	7.38874	-2.62944	7.34723	-1.74777	-4.89507
-2.89183	7.09452	-2.5207	-4.97299	-2.79865	7.064	-2.71658	7.10238	-1.73786	-4.89933
-3.01816	6.82606	-2.4394	-5.19191	-2.79412	7.20818	-2.80326	6.85734	-1.72958	-4.90286
-3.00269	6.65165	-2.05132	-4.93969	-2.74651	6.86867	-2.88957	6.61214	-1.72295	-4.90566
-3.19305	6.35954	-2.33154	-5.02372	-2.57673	6.36755	-2.97559	6.36681	-1.71797	-4.90774
-3.18471	6.16136	-1.98402	-4.83626	-2.90217	6.22989	-3.0614	6.12139	-1.71464	-4.90911
-3.49043	5.78633	-2.48683	-5.3933	-3.50172	6.10796	-3.14709	5.87592	-1.71297	-4.90976
-3.49469	5.55105	-2.15915	-5.23887	-3.1778	5.53101	-3.23274	5.63043	-1.71295	-4.9097
-3.77648	5.15742	-2.66442	-5.63371	-3.19736	5.19093	-3.31843	5.38496	-1.71458	-4.90893
-3.77164	4.95963	-2.28463	-5.34275	-3.43031	5.10507	-3.40424	5.13955	-1.71787	-4.90745
-4.00208	4.54691	-2.46481	-5.94364	-3.4281	4.94644	-3.49026	4.89422	-1.72281	-4.90525
-4.00575	4.34128	-2.14056	-5.62937	-3.69435	4.52196	-3.57657	4.64902	-1.72939	-4.90233
-4.29666	3.84635	-2.63608	-6.31752	-3.50501	4.17643	-3.66325	4.40398	-1.73763	-4.89868
-4.30451	3.68013	-2.2975	-5.83615	-4.00238	4.04684	-3.75039	4.15913	-1.74749	-4.8943
-4.51879	3.19665	-2.31831	-6.59687	-4.06447	4.10977	-3.83806	3.91452	-1.75899	-4.88918
-4.4401	3.12691	-1.81938	-5.73003	-3.88053	3.75177	-3.92635	3.67019	-1.77212	-4.8833
-4.70514	2.55574	-2.18204	-6.70586	-4.23729	3.88878	-4.01533	3.42616	-1.78686	-4.87666
-4.65036	2.50533	-1.77405	-5.76598	-4.15119	3.21968	-4.10509	3.18248	-1.8032	-4.86925
-4.87085	1.85263	-1.95791	-6.97678	-4.27467	2.88187	-4.19571	2.93919	-1.82113	-4.86104
-4.82591	1.79778	-1.63674	-5.9988	-4.32451	2.55034	-4.28727	2.69633	-1.84065	-4.85202
-4.93998	1.20679	-1.41924	-6.96233	-4.38481	2.39989	-4.37985	2.45393	-1.86173	-4.84218
-4.92507	1.19005	-1.27167	-5.89118	-4.61223	2.09192	-4.47352	2.21205	-1.88436	-4.83149
-5.01258	0.64411	-1.29466	-6.67942	-4.29257	1.92854	-4.56836	1.97072	-1.90853	-4.81994
-5.0397	0.633927	-1.28779	-5.64438	-4.86829	1.53442	-4.66444	1.72998	-1.93422	-4.80751
-5.10528	0.370847	-1.28758	-5.58513	-4.98165	1.43611	-4.76186	1.48989	-1.9614	-4.79417
-5.09908	0.404048	-1.25555	-4.56157	-4.66779	1.28643	-4.86066	1.25049	-1.99007	-4.7799
-5.16207	0.279413	-1.29051	-4.23363	-4.98594	1.10894	-4.96095	1.01182	-2.02019	-4.76468
-5.17729	0.266465	-1.26057	-3.5821	-4.85498	0.825661	-5.06277	0.77393	-2.05174	-4.74848
-5.25281	0.03693	-1.48669	-3.74701	-4.84736	0.18101	-5.16621	0.536876	-2.08471	-4.73127
-5.30045	-0.0420737	-1.46527	-3.39434	-5.1231	0.257311	-5.27133	0.300706	-2.11906	-4.71303
-4.61867	-8.30258	2.69948	-28.6402	-5.99809	-0.290765	-5.3782	0.0654719	-2.15477	-4.69374
-4.78918	-7.08372	1.41347	-20.4057	-5.29972	-0.212982	-5.4869	-0.168772	-2.1918	-4.67335
-5.44841	-5.81911	0.763984	-10.6362	-5.64447	-0.144522	-5.59748	-0.401971	-2.23014	-4.65185
-5.62601	-5.05459	-0.664812	-7.85828	-5.85359	-0.445801	-5.71001	-0.634069	-2.26974	-4.62919
-6.24292	-4.41888	-2.34952	-4.87661	-5.30947	-0.724468	-5.82456	-0.865006	-2.31058	-4.60536
-6.4026	-3.94055	-3.0661	-3.24798	-5.87835	-1.26863	-5.94118	-1.09472	-2.35262	-4.58032
-6.78996	-3.52477	-3.70695	-1.50605	-5.68069	-1.52871	-6.05993	-1.32316	-2.39581	-4.55404
-6.94037	-3.14023	-3.96264	-0.345385	-6.27263	-1.50938	-6.18087	-1.55025	-2.44014	-4.52648
-7.29751	-2.78451	-4.6386	0.693511	-6.11355	-1.75966	-6.30406	-1.77593	-2.48555	-4.49762
-7.3167	-2.65875	-4.27192	0.856612	-6.34007	-2.13685	-6.42954	-2.00014	-2.532	-4.46742
-7.61224	-2.36317	-4.54716	1.61288	-6.99344	-2.17445	-6.55738	-2.22281	-2.57946	-4.43585
-7.62543	-2.38917	-4.1268	1.2285	-6.79288	-2.4458	-6.68761	-2.44386	-2.62788	-4.40288
-7.90214	-2.15889	-4.53648	1.68114	-7.14408	-2.67584	-6.82029	-2.66323	-2.6772	-4.36847
-7.83177	-2.46142	-3.9269	0.474492	-6.8003	-3.10086	-6.95546	-2.88084	-2.7274	-4.3326
-8.07984	-2.29406	-4.2671	0.845555	-7.13937	-3.22028	-7.09316	-3.09663	-2.7784	-4.29523
-8.03486	-2.63562	-3.71728	-0.319735	-7.12118	-3.26434	-7.23344	-3.3105	-2.83017	-4.25632
-8.31253	-2.52114	-4.20831	-0.00945259	-7.77186	-4.08999	-7.37632	-3.5224	-2.88265	-4.21586
-8.29246	-2.89129	-3.68478	-1.10936	-7.49009	-3.49081	-7.52184	-3.73223	-2.93579	-4.1738
-8.56591	-2.74636	-4.22031	-0.62696	-7.52393	-3.88213	-7.67004	-3.93992	-2.98953	-4.13012
-8.5373	-3.32907	-3.59383	-2.21211	-7.88049	-4.29783	-7.82094	-4.14538	-3.04381	-4.08479
-8.82999	-3.19949	-4.08878	-1.59347	-8.08524	-4.57834	-7.97457	-4.34854	-3.09857	-4.03778
-8.79686	-3.82933	-3.42016	-3.14996	-8.22492	-4.79812	-8.13095	-4.5493	-3.15376	-3.98906
-9.09672	-3.66046	-3.7986	-2.22377	-8.453	-4.95621	-8.2901	-4.74759	-3.2093	-3.93862
-9.01717	-4.27268	-3.04655	-3.63885	-8.33552	-5.1059	-8.45204	-4.94331	-3.26514	-3.88641
-9.35799	-4.01811	-3.6806	-2.44755	-8.55062	-4.79248	-8.61678	-5.13637	-3.32121	-3.83242
-9.31583	-4.63345	-2.99449	-3.80392	-8.91477	-5.51752	-8.78433	-5.32669	-3.37745	-3.77663
-9.68648	-4.42588	-3.7531	-2.74853	-9.04115	-5.69364	-8.95469	-5.51417	-3.43377	-3.71901
-9.60331	-5.02962	-2.98148	-4.04231	-9.03391	-5.80267	-9.12788	-5.69872	-3.49012	-3.65955
-9.96021	-4.77831	-3.63288	-2.79932	-8.86897	-5.41973	-9.30388	-5.88026	-3.54643	-3.59823
-9.89008	-5.27899	-2.94598	-3.80775	-9.30811	-5.82368	-9.4827	-6.05868	-3.60261	-3.53503
-10.2971	-5.06371	-3.78821	-2.73383	-9.80646	-6.41174	-9.66432	-6.23389	-3.6586	-3.46994
-10.1822	-5.71018	-2.92854	-4.13376	-9.62547	-6.55958	-9.84874	-6.4058	-3.71431	-3.40295
-10.6416	-5.47684	-3.95522	-2.99591	-10.6688	-6.35543	-10.0359	-6.57431	-3.76969	-3.33404
-10.5946	-6.06646	-3.24542	-4.18827	-10.2246	-6.83402	-10.2259	-6.73933	-3.82463	-3.26321
-10.9955	-5.87454	-3.99157	-3.1175	-10.2205	-6.71044	-10.4186	-6.90075	-3.87907	-3.19046
-10.98	-6.47143	-3.34328	-4.29764	-10.7616	-7.29159	-10.614	-7.05849	-3.93293	-3.11577
-11.3964	-6.27097	-4.07313	-3.16531	-10.8944	-6.83335	-10.8121	-7.21245	-3.98613	-3.03916
-11.4049	-6.82753	-3.4855	-4.2265	-11.2219	-7.56979	-11.0128	-7.36252	-4.03859	-2.96062
-11.7925	-6.64408	-4.03925	-3.10681	-10.986	-7.3707	-11.2161	-7.50862	-4.09021	-2.88015
-11.7053	-7.16758	-3.27505	-4.12342	-11.0934	-7.6776	-11.422	-7.65064	-4.14093	-2.79777
-12.1138	-6.9568	-3.9721	-2.98215	-11.4213	-7.46085	-11.6304	-7.78849	-4.19066	-2.71349
-12.0626	-7.41227	-3.31686	-3.82824	-11.5269	-7.8215	-11.8413	-7.92208	-4.23932	-2.6273
-12.4651	-7.19108	-3.89594	-2.6422	-11.9422	-7.88317	-12.0546	-8.05131	-4.28682	-2.53924
-12.4524	-7.62468	-3.33312	-3.46063	-12.09	-8.08828	-12.2702	-8.17609	-4.33309	-2.44932
-12.9044	-7.41259	-4.30704	-2.51904	-12.4462	-8.02117	-12.4881	-8.29633	-4.37802	-2.35756
-12.8875	-7.84051	-3.69816	-3.34828	-12.4231	-8.2599	-12.7082	-8.41193	-4.42156	-2.26399
-13.2831	-7.61544	-4.17007	-2.20185	-12.7461	-8.19449	-12.9304	-8.5228	-4.4636	-2.16863
-13.3516	-8.04222	-3.7476	-3.03579	-13.2911	-8.64594	-13.1547	-8.62886	-4.50407	-2.07151
-13.8027	-7.82438	-4.52458	-2.05462	-13.7929	-8.47158	-13.381	-8.73002	-4.54289	-1.97267
-13.8167	-8.20362	-3.97745	-2.81558	-13.384	-8.57583	-13.6092	-8.82619	-4.57997	-1.87214
-14.2013	-7.95121	-4.34065	-1.64953	-13.6376	-8.26344	-13.8392	-8.91729	-4.61524	-1.76997
-14.2254	-8.39041	-3.80425	-2.60397	-13.9959	-8.99264	-14.0709	-9.00324	-4.64861	-1.6662
-14.6767	-8.16071	-4.65988	-1.70262	-14.4737	-8.79552	-14.3043	-9.08395	-4.68001	-1.56086
-14.7058	-8.60514	-4.10354	-2.66714	-14.4273	-9.1875	-14.5391	-9.15936	-4.70936	-1.45402
-15.1024	-8.38638	-4.53714	-1.65194	-14.5757	-9.32634	-14.7754	-9.22939	-4.73658	-1.34573
-15.2112	-8.68675	-4.21259	-2.23429	-15.062	-9.04396	-15.013	-9.29397	-4.76161	-1.23603
-15.64	-8.46631	-4.74907	-1.29455	-15.6189	-9.69365	-15.2517	-9.35302	-4.78436	-1.125
-15.7263	-8.8985	-4.30424	-2.26216	-15.6682	-9.56749	-15.4916	-9.40649	-4.80476	-1.01269
-16.12	-8.65017	-4.61034	-1.17487	-15.9382	-9.35751	-15.7324	-9.45431	-4.82275	-0.899159
-16.2029	-9.03476	-4.19117	-2.03774	-16.0862	-9.59819	-15.9741	-9.49642	-4.83827	-0.784484
-16.6123	-8.75386	-4.64794	-0.946138	-16.6033	-8.85459	-16.2164	-9.53277	-4.85124	-0.668734
-16.6957	-9.03624	-4.26264	-1.58403	-16.4229	-9.37029	-16.4594	-9.5633	-4.8616	-0.55198
-17.0611	-8.75119	-4.62765	-0.565686	-16.011	-9.33486	-16.7027	-9.58797	-4.8693	-0.434301
-17.1892	-9.01954	-4.33609	-1.20137	-17.1132	-9.43043	-16.9464	-9.60673	-4.87427	-0.315773
-17.5994	-8.77902	-4.881	-0.393278	-16.9255	-10.8571	-17.1903	-9.61954	-4.87646	-0.196479
-17.7039	-9.09536	-4.50299	-1.1854	-17.5448	-9.57485	-17.4342	-9.62636	-4.87583	-0.0765024
-18.1035	-8.79855	-4.83838	-0.148004	-18.1371	-9.39146	-17.6781	-9.62717	-4.87232	0.0440703
-18.2072	-9.05636	-4.48204	-0.824408	-17.9724	-9.42299	-17.9216	-9.62194	-4.86588	0.165151
-18.5866	-8.73258	-4.77565	0.228791	-18.3083	-9.18778	-18.1648	-9.61064	-4.85648	0.286648
-18.6266	-9.0848	-4.26801	-0.754629	-18.2763	-9.60997	-18.4074	-9.59325	-4.84408	0.40847
-19.0071	-8.7669	-4.76469	0.190728	-18.2443	-9.58547	-18.6493	-9.56977	-4.82864	0.530522
-19.1144	-9.05223	-4.41443	-0.59663	-18.9545	-9.51544	-18.8904	-9.54017	-4.81012	0.652707
-19.4806	-8.71235	-4.81265	0.404808	-18.6983	-9.02886	-19.1305	-9.50447	-4.78851	0.774927
-19.5974	-8.87558	-4.51428	-0.0999493	-19.2983	-9.09865	-19.3694	-9.46265	-4.76378	0.897083
-19.9549	-8.50708	-4.70339	0.98545	-19.7037	-8.79906	-19.6069	-9.41472	-4.73591	1.01907
-20.0807	-8.66789	-4.42983	0.416848	-19.8731	-8.96417	-19.8431	-9.36071	-4.70487	1.1408
-20.4477	-8.24915	-4.74444	1.52786	-20.3815	-7.6755	-20.0775	-9.30061	-4.67066	1.26215
-20.4571	-8.734	-4.15152	0.0250313	-20.1607	-9.59663	-20.3102	-9.23446	-4.63328	1.38303
-20.8232	-8.37877	-4.54635	0.998675	-20.4587	-9.7448	-20.5409	-9.16227	-4.59271	1.50334
-20.9236	-8.57592	-4.23369	0.32912	-20.6596	-8.91527	-20.7696	-9.08409	-4.54895	1.62296
-21.2889	-8.1786	-4.52049	1.41136	-21.5568	-8.5005	-20.9959	-8.99994	-4.50202	1.74179
-21.3565	-8.42183	-4.13318	0.561096	-21.0195	-8.85081	-21.2198	-8.90987	-4.45191	1.85972
-21.7088	-8.01519	-4.39028	1.63767	-21.8628	-8.64129	-21.4412	-8.81393	-4.39865	1.97666
-21.7703	-8.31451	-3.99088	0.61401	-21.5029	-8.87191	-21.6597	-8.71217	-4.34224	2.0925
-22.0713	-7.86181	-4.02722	1.84189	-21.9514	-7.41274	-21.8754	-8.60465	-4.2827	2.20712
-22.1534	-8.09063	-3.7203	0.983594	-21.9793	-8.57089	-22.0881	-8.49143	-4.22007	2.32043
-22.4849	-7.63198	-4.14931	2.07931	-22.1914	-7.70392	-22.2975	-8.37258	-4.15437	2.43232
-22.6087	-7.84483	-3.91567	1.24055	-22.5838	-8.35296	-22.5035	-8.24817	-4.08564	2.5427
-22.9032	-7.40416	-4.04284	2.30968	-22.3177	-8.57758	-22.7061	-8.11829	-4.01391	2.65145
-23.0548	-7.44194	-3.91365	1.90019	-22.9861	-7.6724	-22.9049	-7.98301	-3.93923	2.75848
-23.3386	-6.97408	-3.85619	2.99597	-23.2693	-8.32031	-23.1	-7.84243	-3.86163	2.8637
-23.4698	-7.10943	-3.68435	2.24042	-23.4777	-7.56583	-23.2911	-7.69663	-3.78118	2.967
-23.7699	-6.5992	-3.99537	3.31795	-23.473	-7.02103	-23.4781	-7.54572	-3.69792	3.06828
-23.8312	-6.81615	-3.66897	2.28719	-23.5408	-7.36069	-23.6609	-7.3898	-3.61191	3.16746
-24.1109	-6.30058	-3.80719	3.40354	-24.0505	-6.56968	-23.8393	-7.22897	-3.52321	3.26445
-24.1664	-6.58851	-3.4804	2.1766	-23.9384	-7.26171	-24.0132	-7.06336	-3.43189	3.35916
-24.416	-6.0594	-3.48866	3.36074	-24.3577	-5.94086	-24.1825	-6.89307	-3.33801	3.45149
-24.4997	-6.12154	-3.28337	2.73872	-24.2574	-6.4352	-24.347	-6.71823	-3.24166	3.54138
-24.7412	-5.5975	-3.24029	3.84091	-24.788	-7.18367	-24.5066	-6.53896	-3.14289	3.62873
-24.7416	-5.84059	-2.88064	2.66638	-24.3008	-6.43799	-24.6612	-6.35538	-3.0418	3.71347
-24.9566	-5.27814	-2.94702	3.85173	-24.6108	-6.00878	-24.8107	-6.16764	-2.93846	3.79553
-25.0683	-5.40951	-2.83859	2.9951	-25.146	-5.91902	-24.955	-5.97587	-2.83295	3.87484
-25.2659	-4.82561	-2.85954	4.19131	-24.8975	-5.02285	-25.094	-5.7802	-2.72537	3.95132
-25.3234	-5.03027	-2.65518	3.08623	-25.1941	-5.64372	-25.2276	-5.58079	-2.61581	4.02492
-25.5382	-4.45536	-2.80004	4.23595	-25.5328	-5.4399	-25.3556	-5.37777	-2.50435	4.09557
-25.6227	-4.58734	-2.66386	3.32095	-25.5713	-5.10241	-25.4779	-5.1713	-2.39109	4.16322
-25.8018	-4.04325	-2.7275	4.35052	-25.0178	-6.55904	-25.5946	-4.96152	-2.27613	4.22781
-25.8551	-4.2612	-2.53992	3.18811	-25.6952	-4.89995	-25.7055	-4.7486	-2.15956	4.2893
-26.0202	-3.68909	-2.49258	4.32295	-25.8162	-4.40681	-25.8105	-4.53268	-2.04149	4.34764
-26.0843	-3.79561	-2.35873	3.46158	-25.9516	-4.26659	-25.9096	-4.31392	-1.92202	4.40279
-26.2326	-3.22572	-2.02641	4.58251	-26.8953	-4.43966	-26.0027	-4.0925	-1.80125	4.45471
-26.277	-3.27503	-1.90725	3.83825	-26.1198	-3.67723	-26.0897	-3.86856	-1.67928	4.50337
-26.3853	-2.66472	-1.60616	4.99966	-26.5652	-3.85723	-26.1706	-3.64227	-1.55623	4.54875
-26.3663	-2.76059	-1.41404	4.07128	-25.9974	-3.24722	-26.2453	-3.41381	-1.4322	4.59081
-26.4448	-2.0979	-1.20435	5.32733	-26.2976	-3.01078	-26.3138	-3.18332	-1.30729	4.62954
-26.4279	-2.25909	-1.05839	4.1855	-26.1741	-2.87885	-26.376	-2.95098	-1.18162	4.66493
-26.5063	-1.58352	-0.985786	5.45244	-26.4681	-3.44967	-26.4319	-2.71697	-1.05529	4.69696
-26.5502	-1.88285	-0.977455	3.93493	-26.674	-2.73852	-26.4815	-2.48143	-0.928411	4.72562
-26.6171	-1.21211	-0.906863	5.21978	-26.657	-1.72382	-26.5247	-2.24456	-0.80109	4.75091
-26.6475	-1.44325	-0.88528	3.91273	-26.6691	-2.17333	-26.5616	-2.0065	-0.673434	4.77284
-26.6802	-0.811134	-0.746125	5.09279	-26.3248	-1.32261	-26.5921	-1.76744	-0.545553	4.79141
-26.6681	-0.952136	-0.666015	4.03897	-26.4671	-1.53207	-26.6161	-1.52753	-0.417552	4.80664
-26.6608	-0.386479	-0.264426	5.02149	-26.4998	-2.19526	-26.6338	-1.28695	-0.289538	4.81852
-26.657	-0.542173	-0.249694	3.94074	-26.5998	-1.14277	-26.6451	-1.04586	-0.161616	4.8271
-26.6772	0.0800687	-0.0842851	5.08831	-27.2008	-1.67679	-26.65	-0.804425	-0.0338883	4.83238
-26.6892	-0.0407119	-0.11753	4.09278	-26.7355	-0.59539	-26.6485	-0.562811	0.0935412	4.83439
-26.6428	2.743	0.500625	11.0421	-26.9891	0.0351487	-26.6406	-0.321181	0.220572	4.83317
-26.6022	1.99048	0.439069	7.57906	-26.4553	0.0602653	-26.6264	-0.0796947	0.347104	4.82874
-26.5945	1.50635	0.606244	5.21994	-26.9537	0.136943	-26.6059	0.161489	0.473041	4.82116
-26.592	1.29025	0.469806	3.95963	-26.6201	0.57588	-26.5792	0.402213	0.598287	4.81045
-26.6234	0.589284	0.335235	1.53314	-26.8241	0.381506	-26.5462	0.642323	0.722748	4.79667
-26.6191	0.821797	0.333486	1.94577	-26.7293	1.06082	-26.5069	0.881666	0.846334	4.77986
-26.6265	0.0410178	0.247396	-0.425432	-25.9562	2.60409	-26.4616	1.12009	0.968955	4.76007
-26.5553	0.586631	0.393376	1.07976	-26.3986	1.42212	-26.4101	1.35745	1.09053	4.73737
-26.5674	-0.400263	0.4119	-1.73626	-26.5072	-0.563928	-26.3526	1.59361	1.21096	4.71181
-26.4856	0.433306	0.552412	0.709076	-26.3594	1.79315	-26.2891	1.82841	1.33018	4.68345
-26.4694	-0.687918	0.710305	-2.42087	-26.3475	1.82827	-26.2197	2.06173	1.44811	4.65235
-26.3737	0.399887	0.838337	0.790579	-26.2502	2.18481	-26.1444	2.29342	1.56467	4.61859
-26.3609	-0.824113	0.771772	-2.62318	-26.069	2.27896	-26.0633	2.52336	1.67979	4.58223
-26.2505	0.56486	0.925725	1.41324	-26.0641	2.80701	-25.9765	2.75141	1.79339	4.54334
-26.2125	-0.565646	1.14663	-1.83611	-26.3234	3.02388	-25.8841	2.97746	1.90543	4.502
-26.0713	0.990382	1.35333	2.53757	-25.8345	3.42005	-25.7861	3.20139	2.01582	4.45828
-26.0588	-0.030795	1.24378	-0.562112	-26.1824	3.73376	-25.6826	3.42306	2.12452	4.41227
-25.9041	1.43331	1.51463	3.39685	-25.6666	3.63509	-25.5737	3.64239	2.23146	4.36404
-25.8713	0.499583	1.42763	0.415071	-25.5773	3.13316	-25.4596	3.85924	2.3366	4.31367
-25.7394	1.92044	1.68407	4.1273	-25.7492	3.99968	-25.3402	4.07353	2.43989	4.26125
-25.7151	1.0754	1.54635	1.28465	-25.3516	3.75691	-25.2157	4.28514	2.54127	4.20686
-25.4681	2.51121	2.0426	4.92205	-25.0214	4.52803	-25.0863	4.49399	2.64071	4.15058
-25.4326	1.73085	1.75395	2.1606	-24.2719	4.30917	-24.9518	4.69998	2.73817	4.09251
-25.2122	3.06369	2.20713	5.4035	-25.0363	4.88499	-24.8126	4.90303	2.83361	4.03273
-25.1888	2.33767	1.99528	2.70487	-24.3609	4.95947	-24.6686	5.10304	2.92701	3.97132
-24.8954	3.63695	2.58463	5.78686	-24.5041	5.35293	-24.5201	5.29995	3.01833	3.90839
-24.8781	2.92557	2.43202	3.05072	-24.4379	5.24592	-24.367	5.49367	3.10754	3.84401
-24.547	4.10442	3.05272	5.76645	-24.1159	5.61152	-24.2095	5.68414	3.19464	3.77827
-24.5598	3.36818	2.70963	2.97295	-24.5638	4.75836	-24.0477	5.8713	3.27959	3.71127
-24.2255	4.49293	3.31956	5.55214	-23.9153	5.94377	-23.8818	6.05508	3.36239	3.64309
-24.2738	3.79647	2.54375	2.96242	-23.5491	6.44495	-23.7117	6.23542	3.44302	3.57383
-23.9402	4.88587	3.17132	5.44869	-23.6471	6.29102	-23.5377	6.41227	3.52148	3.50357
-23.9966	4.20041	2.61397	2.85236	-23.7544	6.53746	-23.3598	6.58559	3.59775	3.4324
-23.5765	5.368	3.42983	5.56349	-23.0099	6.86182	-23.1781	6.75533	3.67185	3.36041
-23.6024	4.66439	2.91653	2.89807	-22.7862	5.74143	-22.9928	6.92146	3.74376	3.28768
-23.1869	5.7231	3.68572	5.31212	-22.6991	7.063	-22.804	7.08393	3.8135	3.21431
-23.214	5.01703	3.22114	2.64882	-22.418	6.76159	-22.6117	7.24273	3.88106	3.14038
-22.8161	6.01303	3.92873	4.92545	-22.5083	7.31524	-22.4161	7.39782	3.94647	3.06598
-22.8429	5.29785	3.53722	2.25625	-22.0543	7.85452	-22.2173	7.54917	4.00974	2.99118
-22.4258	6.31092	4.27186	4.6273	-22.1947	7.69478	-22.0154	7.69679	4.07087	2.91607
-22.5173	5.62358	3.33399	2.17915	-21.6178	9.0351	-21.8105	7.84064	4.12989	2.84074
-22.0648	6.61616	4.15917	4.51064	-21.6473	7.94	-21.6026	7.98072	4.18681	2.76526
-22.1647	5.89668	3.34455	1.94716	-21.8637	7.78661	-21.392	8.11703	4.24166	2.68971
-21.6916	6.75108	4.17662	3.95105	-21.0853	7.83229	-21.1787	8.24957	4.29447	2.61417
-21.8008	6.05069	3.17737	1.5686	-20.5503	9.28616	-20.9628	8.37833	4.34526	2.53871
-21.3497	7.0626	4.0463	4.02794	-21.0519	8.50983	-20.7444	8.50333	4.39406	2.46341
-21.4095	6.35765	3.50826	1.5056	-19.9265	9.40847	-20.5237	8.62457	4.4409	2.38835
-20.8616	7.35002	4.53684	3.93133	-20.21	8.68914	-20.3006	8.74206	4.48582	2.31358
-20.9958	6.63171	3.4365	1.50264	-20.2277	8.8532	-20.0753	8.85583	4.52884	2.23919
-20.5008	7.56308	4.36882	3.75797	-20.0633	8.86724	-19.848	8.96589	4.57001	2.16524
-20.6454	6.84328	3.31156	1.32912	-19.9264	8.78179	-19.6186	9.07227	4.60937	2.09179
-20.1119	7.74361	4.33225	3.53264	-19.4861	8.96665	-19.3873	9.17499	4.64694	2.01891
-20.217	7.04167	3.54155	1.11409	-18.5719	10.2069	-19.1542	9.27409	4.68278	1.94666
-19.5885	7.97343	4.74781	3.44013	-18.6786	9.19191	-18.9193	9.36959	4.71692	1.8751
-19.749	7.21982	3.6897	0.921929	-19.2825	8.98189	-18.6827	9.46154	4.7494	1.80429
-19.1385	8.15731	4.87144	3.27673	-18.4242	9.46852	-18.4446	9.54996	4.78028	1.73429
-19.2596	7.367	4.00833	0.624453	-18.1634	8.72444	-18.2049	9.63492	4.80959	1.66514
-18.583	8.34205	5.3244	3.11859	-17.7736	9.72478	-17.9639	9.71643	4.83737	1.59691
-18.7522	7.5983	3.96021	0.766924	-17.2296	9.97767	-17.7214	9.79457	4.86368	1.52964
-18.0909	8.53849	5.25363	3.14547	-17.3436	9.88109	-17.4777	9.86936	4.88856	1.46338
-18.2712	7.79449	4.04758	0.699994	-17.1554	10.212	-17.2328	9.94087	4.91205	1.39818
-17.5946	8.7466	5.38884	3.11253	-16.8876	10.145	-16.9868	10.0091	4.93421	1.33408
-17.7869	8.00022	4.10534	0.677063	-16.5958	10.1078	-16.7396	10.0743	4.95507	1.27113
-17.1255	8.91816	5.41651	2.9943	-16.5153	10.3091	-16.4915	10.1362	4.97469	1.20937
-17.3316	8.1849	4.1237	0.59174	-16.09	10.5824	-16.2424	10.1952	4.99311	1.14883
-16.6791	8.99304	5.38283	2.63774	-16.006	10.1843	-15.9924	10.2511	5.01039	1.08956
-16.9168	8.24923	3.93687	0.296151	-15.7234	10.41	-15.7416	10.3041	5.02655	1.03159
-16.2638	9.02566	5.21574	2.30079	-15.5699	10.1904	-15.4899	10.3543	5.04166	0.974957
-16.4487	8.26912	4.12605	-0.150978	-14.2385	10.9109	-15.2376	10.4016	5.05576	0.919692
-15.7156	9.12887	5.60176	2.13393	-14.9365	10.4722	-14.9846	10.4462	5.06889	0.865828
-16.0003	8.34333	3.83402	-0.150472	-14.724	9.63507	-14.7309	10.4882	5.0811	0.813394
-15.2874	9.09993	5.26551	1.87118	-14.4088	10.222	-14.4766	10.5276	5.09243	0.762418
-15.5542	8.3252	3.80265	-0.48396	-13.9005	10.5238	-14.2218	10.5645	5.10293	0.712926
-14.7199	9.32015	5.61622	2.19761	-13.8049	10.9383	-13.9665	10.5989	5.11263	0.664944
-15.0178	8.58969	3.88237	0.0161653	-13.3956	10.7857	-13.7107	10.631	5.12159	0.618496
-14.2638	9.37261	5.43774	2.07662	-13.3556	10.5517	-13.4545	10.6608	5.12983	0.573603
-14.5596	8.62895	3.89148	-0.238864	-12.9374	10.8137	-13.1979	10.6884	5.13741	0.530288
-13.764	9.51918	5.61254	2.11589	-12.9591	11.0099	-12.9409	10.7138	5.14436	0.48857
-14.078	8.8161	3.91463	-0.0364636	-12.2518	11.2495	-12.6836	10.7373	5.15071	0.448467
-13.3122	9.53237	5.49809	1.85352	-12.3713	10.6091	-12.426	10.7587	5.15651	0.409997
-13.6552	8.8183	3.71201	-0.275622	-11.9352	10.9161	-12.1681	10.7783	5.16179	0.373177
-12.8375	9.65277	5.50935	1.93855	-11.9451	11.0515	-11.91	10.7961	5.16658	0.338022
-13.1635	8.95474	3.81549	-0.200271	-10.9703	10.9676	-11.6516	10.8121	5.17092	0.304546
-12.3618	9.70617	5.5416	1.78859	-11.4548	10.9407	-11.393	10.8265	5.17484	0.272761
-12.711	8.93983	4.02995	-0.735612	-11.3472	10.5111	-11.1342	10.8394	5.17836	0.242681
-11.8137	9.63494	5.94112	1.19972	-10.6009	10.6823	-10.8753	10.8509	5.18153	0.214317
-12.2253	8.90446	3.88516	-0.862804	-10.6563	10.8369	-10.6161	10.8609	5.18435	0.187679
-11.3775	9.61724	5.7343	1.1075	-10.4142	10.8747	-10.3569	10.8697	5.18687	0.162776
-11.8147	8.95536	3.49297	-0.618029	-9.90413	11.2255	-10.0976	10.8772	5.1891	0.139618
-10.9113	9.73759	5.55277	1.50291	-9.83445	11.1032	-9.83809	10.8837	5.19106	0.118212
-11.3666	9.03321	3.49926	-0.598655	-10.195	10.3498	-9.57852	10.8891	5.19278	0.0985664
-10.4498	9.77084	5.58919	1.40135	-9.3066	11.0348	-9.31887	10.8936	5.19428	0.0806865
-10.899	9.09249	3.49952	-0.570857	-9.2226	10.3527	-9.05915	10.8972	5.19557	0.0645787
-9.96284	9.81648	5.64803	1.38407	-8.78899	11.0707	-8.79937	10.9001	5.19667	0.050248
-10.4324	9.13705	3.49961	-0.597114	-8.83914	10.0319	-8.53953	10.9023	5.19759	0.0376992
-9.62263	9.69232	5.28774	0.920803	-8.62045	10.6577	-8.27965	10.9039	5.19835	0.0269359
-10.0828	9.09117	3.20011	-0.761118	-7.91543	11.1157	-8.01974	10.905	5.19896	0.0179617
-9.02043	9.81579	5.70666	1.24513	-7.51971	11.0005	-7.75979	10.9057	5.19942	0.0107791
-9.48534	9.2321	3.506	-0.380755	-7.25987	10.6458	-7.49981	10.9061	5.19975	0.00539029
-8.50817	9.84327	5.74239	1.26143	-7.15631	10.815	-7.23983	10.9063	5.19994	0.00179692
-9.02466	9.31111	3.36999	-0.177705	-7.39396	11.0181	-6.97983	10.9064	5.2	-7.84874e-15
